**** COMMENT ****

**** INPUTS ****
kVp [kV] hvMIN [keV] Dhv [keV]
100  10  1
Angle [deg.]
12
t_AIR t_BE t_AL t_CU t_SN t_W t_Ta t_Ti t_C t_Wa [mm]
1000  0.8  1  0  0  0  0  0  0  0
Nf P
0.68  0.33
****CALCULATED OUTPUTS ****
Brem[uGy/mAs@1m] Char[uGy/mAs@1m]
157.2381  4.094587
HVL1[cm AL] HVL2[cm AL] HVL1[cmCu] HVL2[cmCu] MeanE[keV] EffEAl[keV] EffECu[keV]
0.2037787  0.3805208  0.006744  0.0151382  45.18641  28.75164  29.48095
**** CALCULATED SPECTRUM ****
Energy[keV]  N[keV cm^2 mAs]^-1 @ 1 meter
10  8015.003
11  25807.11
12  79634.49
13  194274.6
14  418138.4
15  749104.1
16  1.191019e+6
17  1.705365e+6
18  2.257688e+6
19  2.828547e+6
20  3.386003e+6
21  3.909310e+6
22  4.382370e+6
23  4.794428e+6
24  5.142701e+6
25  5.412440e+6
26  5.642309e+6
27  5.811277e+6
28  5.933112e+6
29  6.005786e+6
30  6.033405e+6
31  6.035517e+6
32  6.006230e+6
33  5.957107e+6
34  5.890929e+6
35  5.803113e+6
36  5.696233e+6
37  5.587919e+6
38  5.470097e+6
39  5.343274e+6
40  5.212540e+6
41  5.081474e+6
42  4.946854e+6
43  4.811362e+6
44  4.676773e+6
45  4.541417e+6
46  4.408346e+6
47  4.275543e+6
48  4.144452e+6
49  4.017034e+6
50  3.891067e+6
51  3.767057e+6
52  3.646129e+6
53  3.528316e+6
54  3.413152e+6
55  3.300474e+6
56  3.190775e+6
57  3.082525e+6
58  7.013861e+6
59  9.893800e+6
60  2.777689e+6
61  2.680349e+6
62  2.586965e+6
63  2.494444e+6
64  2.405973e+6
65  2.317879e+6
66  2.234119e+6
67  4.431975e+6
68  2.070519e+6
69  2.584617e+6
70  1.728898e+6
71  1.668899e+6
72  1.609385e+6
73  1.551790e+6
74  1.494541e+6
75  1.437738e+6
76  1.381585e+6
77  1.325855e+6
78  1.271602e+6
79  1.216971e+6
80  1.163658e+6
81  1.110092e+6
82  1.058351e+6
83  1.005719e+6
84  954403.8
85  902460.5
86  851967.5
87  800770.5
88  750682.9
89  699280.8
90  649487.1
91  597839.7
92  547726.3
93  495349.7
94  444381.5
95  387380.7
96  331822.3
97  276135.6
98  222083.6
99  109388.2
100  0
