**** COMMENT ****

**** INPUTS ****
kVp [kV] hvMIN [keV] Dhv [keV]
120  12  1
Angle [deg.]
12
t_AIR t_BE t_AL t_CU t_SN t_W t_Ta t_Ti t_C t_Wa [mm]
1000  0.8  1  0  0  0  0  0  0  0
Nf P
0.68  0.33
****CALCULATED OUTPUTS ****
Brem[uGy/mAs@1m] Char[uGy/mAs@1m]
186.9569  9.144281
HVL1[cm AL] HVL2[cm AL] HVL1[cmCu] HVL2[cmCu] MeanE[keV] EffEAl[keV] EffECu[keV]
0.2556348  0.4985504  0.0088879  0.0231804  50.50701  31.43598  32.52797
**** CALCULATED SPECTRUM ****
Energy[keV]  N[keV cm^2 mAs]^-1 @ 1 meter
12  74379
13  181791.3
14  392838.6
15  708587.6
16  1.136969e+6
17  1.646089e+6
18  2.204836e+6
19  2.797614e+6
20  3.395074e+6
21  3.972947e+6
22  4.516716e+6
23  5.005968e+6
24  5.439305e+6
25  5.795813e+6
26  6.113772e+6
27  6.369051e+6
28  6.568505e+6
29  6.721195e+6
30  6.815095e+6
31  6.880056e+6
32  6.904999e+6
33  6.904276e+6
34  6.884437e+6
35  6.831173e+6
36  6.751038e+6
37  6.669069e+6
38  6.571443e+6
39  6.461147e+6
40  6.340124e+6
41  6.220438e+6
42  6.089584e+6
43  5.956431e+6
44  5.822521e+6
45  5.684422e+6
46  5.548652e+6
47  5.409237e+6
48  5.272576e+6
49  5.136641e+6
50  5.001672e+6
51  4.869033e+6
52  4.737337e+6
53  4.610684e+6
54  4.483577e+6
55  4.360295e+6
56  4.238307e+6
57  4.119140e+6
58  1.301601e+7
59  1.956165e+7
60  3.780171e+6
61  3.671188e+6
62  3.566353e+6
63  3.463102e+6
64  3.363391e+6
65  3.265259e+6
66  3.170375e+6
67  8.171345e+6
68  2.986485e+6
69  4.222091e+6
70  2.421892e+6
71  2.363080e+6
72  2.303327e+6
73  2.247899e+6
74  2.191157e+6
75  2.135743e+6
76  2.079380e+6
77  2.024968e+6
78  1.970562e+6
79  1.916698e+6
80  1.863526e+6
81  1.810747e+6
82  1.759868e+6
83  1.708241e+6
84  1.658464e+6
85  1.607671e+6
86  1.558405e+6
87  1.510361e+6
88  1.462127e+6
89  1.415032e+6
90  1.368091e+6
91  1.321982e+6
92  1.276520e+6
93  1.231420e+6
94  1.187197e+6
95  1.143275e+6
96  1.100187e+6
97  1.056873e+6
98  1.014641e+6
99  972579.3
100  930883.6
101  890160.8
102  848631.1
103  808152.5
104  767601.8
105  727253.2
106  687449.2
107  646881.8
108  607534.4
109  566818.5
110  526990.1
111  486732.6
112  445943.4
113  405490.2
114  360578.4
115  317124.4
116  273833.3
117  231117.3
118  171322.1
119  84288.89
120  0
