**** COMMENT ****

**** INPUTS ****
kVp [kV] hvMIN [keV] Dhv [keV]
140  14  1
Angle [deg.]
12
t_AIR t_BE t_AL t_CU t_SN t_W t_Ta t_Ti t_C t_Wa [mm]
1000  0.8  1  0  0  0  0  0  0  0
Nf P
0.68  0.33
****CALCULATED OUTPUTS ****
Brem[uGy/mAs@1m] Char[uGy/mAs@1m]
215.966  15.40077
HVL1[cm AL] HVL2[cm AL] HVL1[cmCu] HVL2[cmCu] MeanE[keV] EffEAl[keV] EffECu[keV]
0.3169818  0.6230993  0.0117687  0.0342598  55.2649  34.27468  35.91968
**** CALCULATED SPECTRUM ****
Energy[keV]  N[keV cm^2 mAs]^-1 @ 1 meter
14  372666.3
15  673569.6
16  1.085459e+6
17  1.580994e+6
18  2.133092e+6
19  2.729291e+6
20  3.343454e+6
21  3.950951e+6
22  4.536233e+6
23  5.082130e+6
24  5.577883e+6
25  6.002543e+6
26  6.396813e+6
27  6.724897e+6
28  6.999995e+6
29  7.224311e+6
30  7.387257e+6
31  7.520674e+6
32  7.600357e+6
33  7.654739e+6
34  7.687177e+6
35  7.677268e+6
36  7.630981e+6
37  7.584651e+6
38  7.515290e+6
39  7.427488e+6
40  7.326727e+6
41  7.221989e+6
42  7.105901e+6
43  6.982953e+6
44  6.855235e+6
45  6.723910e+6
46  6.588180e+6
47  6.449737e+6
48  6.311264e+6
49  6.173162e+6
50  6.034059e+6
51  5.896310e+6
52  5.758042e+6
53  5.623292e+6
54  5.489666e+6
55  5.357308e+6
56  5.225894e+6
57  5.097526e+6
58  2.014932e+7
59  3.124365e+7
60  4.728840e+6
61  4.609101e+6
62  4.495204e+6
63  4.380014e+6
64  4.270642e+6
65  4.161501e+6
66  4.056981e+6
67  1.253319e+7
68  3.852627e+6
69  5.983934e+6
70  3.006683e+6
71  2.950863e+6
72  2.891153e+6
73  2.839361e+6
74  2.783293e+6
75  2.728802e+6
76  2.673785e+6
77  2.618749e+6
78  2.565321e+6
79  2.511379e+6
80  2.457664e+6
81  2.404735e+6
82  2.353109e+6
83  2.300754e+6
84  2.250158e+6
85  2.198436e+6
86  2.148014e+6
87  2.099556e+6
88  2.049938e+6
89  2.001007e+6
90  1.954017e+6
91  1.906210e+6
92  1.859862e+6
93  1.814052e+6
94  1.768190e+6
95  1.724112e+6
96  1.679845e+6
97  1.635957e+6
98  1.593779e+6
99  1.550634e+6
100  1.508960e+6
101  1.468176e+6
102  1.427072e+6
103  1.386639e+6
104  1.347496e+6
105  1.307906e+6
106  1.269290e+6
107  1.231110e+6
108  1.193081e+6
109  1.156059e+6
110  1.119210e+6
111  1.082767e+6
112  1.047122e+6
113  1.011271e+6
114  975808.7
115  941509.9
116  906412.5
117  872232.8
118  838458.8
119  804286.7
120  771102.2
121  737790.2
122  704404.4
123  671873.8
124  638689.3
125  605850
126  573688.6
127  540438.8
128  507833
129  475646.9
130  442020.8
131  409118.9
132  375560.9
133  339206.4
134  303906.7
135  268946.6
136  234088.8
137  200072.8
138  137099.7
139  67592.54
140  0
