**** COMMENT ****

**** INPUTS ****
kVp [kV] hvMIN [keV] Dhv [keV]
70  7  1
Angle [deg.]
12
t_AIR t_BE t_AL t_CU t_SN t_W t_Ta t_Ti t_C t_Wa [mm]
1000  0.8  1  0  0  0  0  0  0  0
Nf P
0.68  0.33
****CALCULATED OUTPUTS ****
Brem[uGy/mAs@1m] Char[uGy/mAs@1m]
109.1985  0
HVL1[cm AL] HVL2[cm AL] HVL1[cmCu] HVL2[cmCu] MeanE[keV] EffEAl[keV] EffECu[keV]
0.1401458  0.2324781  0.0044277  0.0077805  35.73426  25.04308  25.38327
**** CALCULATED SPECTRUM ****
Energy[keV]  N[keV cm^2 mAs]^-1 @ 1 meter
7  0.0043828
8  5.812465
9  478.6354
10  8261.314
11  29041.41
12  89961.15
13  217565.7
14  457701.4
15  798965
16  1.232483e+6
17  1.710679e+6
18  2.193827e+6
19  2.663917e+6
20  3.092584e+6
21  3.464175e+6
22  3.774351e+6
23  4.019706e+6
24  4.203933e+6
25  4.317402e+6
26  4.400129e+6
27  4.435812e+6
28  4.434712e+6
29  4.404529e+6
30  4.343998e+6
31  4.268883e+6
32  4.175703e+6
33  4.074112e+6
34  3.963029e+6
35  3.841606e+6
36  3.715035e+6
37  3.588397e+6
38  3.459541e+6
39  3.326553e+6
40  3.197134e+6
41  3.068346e+6
42  2.940651e+6
43  2.813351e+6
44  2.689576e+6
45  2.567951e+6
46  2.447447e+6
47  2.331077e+6
48  2.216778e+6
49  2.106496e+6
50  1.996362e+6
51  1.889701e+6
52  1.786017e+6
53  1.683469e+6
54  1.584720e+6
55  1.487902e+6
56  1.392131e+6
57  1.299141e+6
58  1.207762e+6
59  1.118069e+6
60  1.028102e+6
61  940282.6
62  853319.1
63  766147.1
64  679051.6
65  591227.7
66  502707.3
67  405900.4
68  313389.4
69  183872.3
70  0
