**** COMMENT ****

**** INPUTS ****
kVp [kV] hvMIN [keV] Dhv [keV]
80  8  1
Angle [deg.]
12
t_AIR t_BE t_AL t_CU t_SN t_W t_Ta t_Ti t_C t_Wa [mm]
1000  0.8  1  0  0  0  0  0  0  0
Nf P
0.68  0.33
****CALCULATED OUTPUTS ****
Brem[uGy/mAs@1m] Char[uGy/mAs@1m]
125.9958  0.6978333
HVL1[cm AL] HVL2[cm AL] HVL1[cmCu] HVL2[cmCu] MeanE[keV] EffEAl[keV] EffECu[keV]
0.1594768  0.2763853  0.0050991  0.0096916  39.04142  26.25143  26.70542
**** CALCULATED SPECTRUM ****
Energy[keV]  N[keV cm^2 mAs]^-1 @ 1 meter
8  5.586709
9  469.3011
10  8262.142
11  27945.04
12  86358.46
13  209727
14  445992.2
15  787619.4
16  1.230467e+6
17  1.730241e+6
18  2.248756e+6
19  2.763471e+6
20  3.246514e+6
21  3.680307e+6
22  4.051710e+6
23  4.358935e+6
24  4.600226e+6
25  4.770025e+6
26  4.902597e+6
27  4.981074e+6
28  5.019778e+6
29  5.022761e+6
30  4.987251e+6
31  4.934344e+6
32  4.861523e+6
33  4.771572e+6
34  4.672332e+6
35  4.559125e+6
36  4.436101e+6
37  4.313636e+6
38  4.184588e+6
39  4.052895e+6
40  3.919694e+6
41  3.788714e+6
42  3.657227e+6
43  3.526168e+6
44  3.397571e+6
45  3.271007e+6
46  3.145847e+6
47  3.023452e+6
48  2.902499e+6
49  2.786658e+6
50  2.672696e+6
51  2.560372e+6
52  2.451202e+6
53  2.346014e+6
54  2.241994e+6
55  2.141434e+6
56  2.042317e+6
57  1.946738e+6
58  2.541584e+6
59  2.958325e+6
60  1.673262e+6
61  1.586548e+6
62  1.501215e+6
63  1.417994e+6
64  1.336859e+6
65  1.256858e+6
66  1.179345e+6
67  1.490836e+6
68  1.026017e+6
69  1.052856e+6
70  834337.9
71  767536
72  700704.9
73  633068.4
74  565208.4
75  496239.7
76  421280.6
77  346663
78  271755.5
79  150278.1
80  0
